2.98850018261477,8.67365388986327
2.30314045686032,5.12702548596092
3.2731320011412,10.9339052082834
3.47981935071767,12.3110873674924
3.24076389655949,10.051816528486
3.12544217640738,9.83022430244913
3.18589862168896,9.70290434797417
2.75408976930288,7.79761886201822
3.43682635621249,11.7354474108019
2.41387296989368,6.06521822797729
3.50514038334649,12.3209547332126
3.09867934132577,9.74416910041045
2.55600324128645,6.27033395449816
2.5576984181775,5.6373488726245
3.24960699547105,10.4983599671929
4.0012137072631,16.147244414825
2.89092343404033,8.3671819133909
2.36004928625031,5.60385463343754
2.4276575131033,6.20102839726491
3.09956024829225,10.0351055358724
3.07370031503426,9.27660014515511
3.88862249021629,15.3217554172841
2.20657371226668,4.84783801202693
3.12239002511246,9.66333936019045
3.77723221394348,14.0512087169061
1.65799441326611,2.980895740347
3.16237649236503,9.66221599873805
3.30610457059339,11.1132516223958
3.06404456580072,9.55014455144275
3.33517710986675,10.9441012563959
2.80935475978811,7.9953345250076
2.56367540756605,7.4726178137467
4.22762359820915,17.3680706716478
3.33118218512611,11.0464756738289
3.19586007663421,9.91503868208792
3.3984284769728,11.3385683146753
3.21934165330142,10.4467145295948
2.63714605986533,7.34412440665541
2.87000749684026,7.95600189190905
3.01908178134335,9.06592644138235
3.59168458546106,12.7219698214338
3.09850213104334,9.5711400182669
2.96532732737173,8.68460479318942
2.93163398124953,8.45092498378728
2.89225800431662,8.12233797389345
3.07853918313677,9.2970346951285
3.29402187561209,10.9368308535624
3.14403559446959,9.64982430679507
2.85190338479414,7.86600747875026
3.14008318849683,10.0694270931858
3.11625844108585,9.45366376015917
2.73383102365317,7.72280454068008
2.8959419469642,8.79920710606057
2.71706919183555,7.68121564152184
3.24722530378328,10.5307012105655
3.51936846263182,12.326260072593
2.85631651885985,7.78319775631181
2.72590014232866,8.27417114958546
3.2504793742779,10.9066139548474
2.44872155644568,6.02476503446674
2.59335621229443,6.6382897444693
3.48237292083358,12.0792153025318
3.1646789374529,9.85979919509417
3.25770162535007,10.5510362490277
3.78912719769287,14.3800276577914
3.46757230401718,11.9584529538567
2.47710149689818,6.74740897027447
3.47728123375967,12.2401469552762
1.66224093677633,2.95044365501161
3.18923509725592,10.6435945905742
2.77539763587043,7.01263009919542
3.89248164911385,15.2298475022291
2.93218235794412,8.44441037264918
3.80591888287405,14.9360571810624
2.75973131403431,7.74691332483969
3.11362230993901,9.73627083187798
2.84872768939835,7.78487942376172
3.32498303419242,10.5546090222032
2.91902871174093,8.67742211393645
3.80197551654007,14.5164186100202
4.3581357227161,18.6622705205472
3.22036933412534,10.146981059587
3.57450219321874,12.5994622606983
3.04704350362807,9.20616225198501
3.1349035583541,9.93499052646659
2.6178373385488,6.62831700855
3.06823716412561,9.72495901944626
3.11112568223296,9.26017107495155
2.58437580545563,6.46090081376259
3.26235317034897,10.7304716281121
2.92738475459403,8.76623127815854
1.78969448235549,3.37799393870674
3.44104526963789,12.0431904943875
2.62271999637382,6.53221644527181
2.71212606655171,7.21583770477422
2.80189608641125,7.86735213812664
2.72753910949207,7.30814134410205
3.28415235138928,10.6687172518269
2.86716426790796,7.93454934498738
2.82565743796275,7.86218021004579
3.10693779471842,9.91270263509975
2.72893802815813,7.86824296839448
3.36519512100488,11.5641934165935
3.45661230745878,11.6808869167516
3.6306144752772,13.3853869884159
2.55109266688166,7.62700357847424
2.54036745890469,5.99249501053544
2.28457569458243,4.74442668661347
2.40255630095165,5.72535881140468
3.06768307560675,9.87350961115313
3.36548903808061,11.1010843521219
3.66957709627274,13.0518968243084
3.41237468475719,11.2395479359424
2.81504286539116,8.0669726696026
2.89601866906435,8.92553457316239
2.50718903401466,6.31231061871689
3.30741149029397,11.4132830359149
2.10761493245429,4.89667266011129
2.99351076136656,9.21840664424881
3.08245608445758,9.55599957548444
2.40599315168048,5.91809154635469
3.64691298732954,13.2476888531913
2.77470070367373,7.33236246551117
3.45902458031282,12.1905413872657
2.8775435543125,8.50374584504902
2.96237861054738,8.91283633911736
4.0472700941024,16.353848163915
2.3764740991104,5.36607087465926
3.23642196436608,10.4549485238539
3.82424785747472,15.0237033577301
2.87537199319208,8.45110323624287
2.66223517156849,6.5551735566278
3.75946608241567,14.31159470077
3.87828567725309,15.1980910694708
3.1208963369164,10.1633976401519
3.17500715292777,9.88270685318325
3.41630437517254,11.6566188719368
2.80632150174531,8.48721309768822
2.68210114027434,7.28957740413532
2.35991456517163,5.36025164450071
2.41017740372121,6.08094302465111
2.5725336832731,6.65014357009281
2.14740722423051,4.18637990537797
2.84825380169617,8.1536926739822
3.48646850572772,12.2523721968703
2.36473462292523,5.14932895620049
3.29222052920399,11.0553988663225
2.90982479504763,9.01311531084229
2.26603658720041,4.50690936298529
3.145866125762,9.7500477328399
3.31534017849303,10.9149216546429
2.65194218378042,6.76732022612555
2.4933828675408,5.95831075746824
2.93278361620992,8.97132319084648
3.98849642543058,16.482411343437
3.58555951215989,13.0626030725686
3.27348709296451,10.763383812201
3.1553144594233,9.7157052464144
2.52109865013343,6.07259720568143
2.63986906196082,6.36374620915014
3.10656975014434,9.3952823147233
3.28243016209141,10.5981472295361
3.59866239612601,12.4622562045603
3.26967837586844,11.2800696779255
2.30790323385949,5.75506092824313
2.14042929411781,4.84426665437157
2.28357409929015,5.27328600804918
3.02623198801627,9.01928432715223
2.61233972812421,6.88056033073269
2.83217481079275,8.18637637197975
2.80097684543804,7.9192790026187
3.53650514660877,12.4741470506334
2.98421374442233,8.8057376837057
3.58205462514246,12.6417330349991
2.62946576948217,6.84655736031913
2.21165742115358,4.55537266719646
2.99461598912425,8.37979175969603
2.91145055570306,8.25714057159766
2.62167324398729,6.28299917082997
2.94605232860467,8.86268714999966
2.94244645797106,8.09803087921258
2.46021742845529,6.45388162437864
2.17081348819152,4.61279313371008
2.80843674677804,7.65228770035109
2.99927644791858,9.17279005902007
2.98423954479062,8.49786564171069
3.16287352838083,10.2565947956101
3.05843669093135,9.66744243665719
3.3732188206591,12.3154663616782
2.61740729032112,6.71201448222794
3.27813448879131,10.5525094184329
3.30299658504864,11.2776050409253
2.9988675357172,9.19096758688783
3.49472609548833,11.8291901902833
2.72024667913209,7.41906290306304
2.88327182213712,8.19128734110471
3.50366582413605,12.3859599198931
3.19856714950053,10.2154966037781
3.13544361433179,9.57171620985351
2.57241941210131,6.44640750464553
3.03766348825207,9.13500373628953
2.61713076259682,7.07201557613896
2.97722283344509,8.57489334422352
2.86792065145196,8.08775328832511
3.21150323301996,10.646523237475
3.06945748490356,9.08639616764849
3.47763297704574,12.1158696189045
2.57445583050931,7.06124365652982
3.00977481421275,8.68312031420544
2.49326196419822,6.14377648468731
3.1042609139803,9.98500432519872
2.98690313738949,8.78335958440447
3.65074534192509,13.4605634545678
2.40546073361477,5.77484634962344
3.36539385360729,11.4264909049511
2.44870050343932,5.72241772711238
2.56663628693796,6.3646703038579
2.42008479277689,5.96233116416072
3.67740116857346,13.2634612504571
2.42563340464497,5.82185783418399
3.06671282979692,8.97193359143875
3.13057322066716,10.1233620079084
3.50240212602578,12.2121846519644
2.85085750633647,8.01218477546483
2.50654828770507,6.11071413340052
3.53795168026208,12.5584031352096
3.35499731988571,11.4397720782038
2.98272445526942,8.77051188940008
2.61337436098501,6.83756497636898
3.26057533955328,10.8162175063985
2.55994931158755,6.35639126232963
2.03698327371469,3.61535573621078
3.24712341230058,10.6857574351781
3.05819038661231,9.54477231914536
3.03293266691318,9.26179951520074
2.94869191698129,8.44732125273005
3.45858085482705,12.1278863174921
2.51332946381489,5.57598005313479
3.42525856701042,11.7989684890641
3.17144997773105,9.63344610662611
3.1082061834659,9.96450844280495
2.5591265145156,6.29473138786026
3.0645026282975,8.96022535129381
3.39091602115549,11.1206822948106
3.08501570792859,9.51471689013279
3.51666746699693,12.4107522704504
2.28067657286199,5.32455566740392
3.55575401444188,12.8868000374393
2.40909073148601,6.22810307251097
2.86104208522295,8.36870289506583
3.53683938088996,12.0603272496188
3.90178056110304,15.4992022070451
2.91465793389272,8.744256109925
3.81676322590748,15.0069152956004
2.08604493724436,4.50411103622412
3.48777629373935,12.1331017307216
3.12490884011663,9.90728752961499
3.47367586653997,12.0829065507498
3.40305457613028,11.6953245307847
2.7916406142639,8.06226568247721
3.72806632343351,13.6656406401397
2.18048677899119,4.88218811811443
2.56835803373375,6.67405613956843
2.93672223067825,8.41721122699298
1.86234176300605,2.97609019258995
3.00242369018508,8.95621468581554
2.8273902467438,7.76601905843119
2.51004292130777,6.36033157094245
3.46958794168312,12.5638645230579
2.05668365206472,4.16948116253493
3.44651558636468,12.3286836124606
2.37141702848548,6.25759292340955
2.44801362521828,5.97218954170276
2.84922980867376,8.39305201388371
2.31561443233858,5.78294836887362
3.42385849606639,12.2074003883479
3.41402520507054,11.0648140578534
3.88072924767335,15.2343206819882
2.5928700636938,6.32980091795208
3.86812533838836,15.2019812493805
2.81427457002698,8.28150356962183
3.67296433247161,13.3007124868321
3.41190612432664,12.2398023800216
2.69507271424504,7.75780951152525
3.00937577471513,9.14523420684728
3.03025993110423,9.71019167308059
2.44808283034117,6.43049044520014
3.17485214210009,9.93281253178109
3.42413141773149,12.0700304608221
3.47374275414913,12.4215316600129
3.73878052955196,13.68053785396
4.06310295646765,16.1296067657428
3.2244144978384,10.1206690657422
3.19094417159938,10.3873979981238
2.90832545505436,8.32604328835347
3.06263185705115,9.20440591489002
2.9557097858381,8.94399047953657
2.76325262586009,7.58991870915463
3.35587480665691,11.3801695325668
3.21067713644151,10.6894797729625
